,1,5,10,20,50
0,897,966,1051,1221,1731
1,897,966,1051,1221,1731
2,897,966,1051,1221,1731
3,897,966,1051,1221,1731
4,897,966,1051,1221,1731
5,897,966,1051,1221,1731
6,897,966,1051,1221,1731
7,897,966,1051,1221,1731
8,897,966,1051,1221,1731
9,897,966,1051,1221,1731
10,897,966,1051,1221,1731
11,897,966,1051,1221,1731
12,897,966,1051,1221,1731
13,897,966,1051,1221,1731
14,897,966,1051,1221,1731
15,897,966,1051,1221,1731
16,897,966,1051,1221,1731
17,897,966,1051,1221,1731
18,897,966,1051,1221,1731
19,897,966,1051,1221,1731
20,897,966,1051,1221,1731
21,897,966,1051,1221,1731
22,897,966,1051,1221,1731
23,897,966,1051,1221,1731
24,897,966,1051,1221,1731
