,1,5,10,20,50
0,0.01245880126953125,0.011998176574707031,0.015715599060058594,0.023012161254882812,0.04780697822570801
1,0.012433528900146484,0.011481046676635742,0.015148639678955078,0.0299835205078125,0.0483250617980957
2,0.012035608291625977,0.011833429336547852,0.016112565994262695,0.02488112449645996,0.05184602737426758
3,0.008857965469360352,0.012212514877319336,0.0162353515625,0.023209571838378906,0.04783487319946289
4,0.008549928665161133,0.011563777923583984,0.016074419021606445,0.024075746536254883,0.04953718185424805
5,0.009646892547607422,0.011173248291015625,0.016121625900268555,0.023374080657958984,0.05192899703979492
6,0.008108377456665039,0.012148141860961914,0.01475214958190918,0.025684833526611328,0.06167316436767578
7,0.011578798294067383,0.012372732162475586,0.015308856964111328,0.0243837833404541,0.05504298210144043
8,0.008434772491455078,0.011633634567260742,0.015124082565307617,0.02449321746826172,0.04650282859802246
9,0.010076045989990234,0.010284185409545898,0.01511073112487793,0.02345752716064453,0.05156302452087402
10,0.007824420928955078,0.011119842529296875,0.016363859176635742,0.02510690689086914,0.050992488861083984
11,0.008106470108032227,0.012331724166870117,0.01520395278930664,0.023680686950683594,0.04822540283203125
12,0.008016824722290039,0.01151132583618164,0.015582084655761719,0.02378225326538086,0.04757809638977051
13,0.0077342987060546875,0.011233806610107422,0.01638317108154297,0.022847414016723633,0.04953885078430176
14,0.014437198638916016,0.011198282241821289,0.015871286392211914,0.029018640518188477,0.05473613739013672
15,0.009289026260375977,0.012105464935302734,0.016151905059814453,0.024717092514038086,0.04906654357910156
16,0.008980274200439453,0.01308584213256836,0.01603245735168457,0.023730993270874023,0.04903459548950195
17,0.0075228214263916016,0.011989116668701172,0.016998291015625,0.023317575454711914,0.0540614128112793
18,0.008884668350219727,0.013216018676757812,0.015294790267944336,0.023694992065429688,0.04821157455444336
19,0.007634162902832031,0.013329029083251953,0.015343666076660156,0.02389669418334961,0.04921841621398926
20,0.008315324783325195,0.013502120971679688,0.015041589736938477,0.023897409439086914,0.04602241516113281
21,0.00847172737121582,0.012377023696899414,0.01713252067565918,0.02398228645324707,0.05107593536376953
22,0.008265495300292969,0.010992765426635742,0.016992568969726562,0.02368950843811035,0.04881095886230469
23,0.009027719497680664,0.01143503189086914,0.017604351043701172,0.022641420364379883,0.05092167854309082
24,0.011399984359741211,0.011686563491821289,0.016367197036743164,0.029834508895874023,0.055333852767944336
