,1,5,10,20,50
0,1333,2773,4573,8173,18973
1,1333,2773,4573,8173,18973
2,1333,2773,4573,8173,18973
3,1333,2773,4573,8173,18973
4,1333,2773,4573,8173,18973
5,1333,2773,4573,8173,18973
6,1333,2773,4573,8173,18973
7,1333,2773,4573,8173,18973
8,1333,2773,4573,8173,18973
9,1333,2773,4573,8173,18973
10,1333,2773,4573,8173,18973
11,1333,2773,4573,8173,18973
12,1333,2773,4573,8173,18973
13,1333,2773,4573,8173,18973
14,1333,2773,4573,8173,18973
15,1333,2773,4573,8173,18973
16,1333,2773,4573,8173,18973
17,1333,2773,4573,8173,18973
18,1333,2773,4573,8173,18973
19,1333,2773,4573,8173,18973
20,1333,2773,4573,8173,18973
21,1333,2773,4573,8173,18973
22,1333,2773,4573,8173,18973
23,1333,2773,4573,8173,18973
24,1333,2773,4573,8173,18973
