,1,5,10,20,50
0,0.0028228759765625,0.005007505416870117,0.008298873901367188,0.012543678283691406,0.029227256774902344
1,0.002583742141723633,0.003798246383666992,0.009113311767578125,0.013187646865844727,0.028877735137939453
2,0.002267599105834961,0.004003763198852539,0.007390737533569336,0.011441469192504883,0.02945733070373535
3,0.0021309852600097656,0.0037336349487304688,0.006649494171142578,0.012775659561157227,0.032738447189331055
4,0.0021088123321533203,0.004658222198486328,0.006535530090332031,0.011812210083007812,0.028434276580810547
5,0.0019905567169189453,0.004050493240356445,0.007242441177368164,0.012694358825683594,0.03208017349243164
6,0.0017085075378417969,0.0038878917694091797,0.006586790084838867,0.012204647064208984,0.032251834869384766
7,0.001676797866821289,0.0037598609924316406,0.00671696662902832,0.01253199577331543,0.030213356018066406
8,0.002018451690673828,0.0042874813079833984,0.008694648742675781,0.012567996978759766,0.028754711151123047
9,0.0019159317016601562,0.0039899349212646484,0.008724451065063477,0.012625694274902344,0.028954267501831055
10,0.0016484260559082031,0.004182338714599609,0.0070896148681640625,0.012052297592163086,0.03055739402770996
11,0.001735687255859375,0.004883766174316406,0.006755828857421875,0.012262582778930664,0.02986598014831543
12,0.0017001628875732422,0.005614042282104492,0.007155895233154297,0.012412786483764648,0.028591156005859375
13,0.0016183853149414062,0.0046541690826416016,0.0074617862701416016,0.012438058853149414,0.029380083084106445
14,0.0017712116241455078,0.0048220157623291016,0.007343292236328125,0.013373374938964844,0.028264522552490234
15,0.0017652511596679688,0.006500720977783203,0.007754802703857422,0.012952566146850586,0.029359817504882812
16,0.0017516613006591797,0.0039408206939697266,0.007541656494140625,0.012689828872680664,0.029163599014282227
17,0.002759218215942383,0.003942251205444336,0.006866455078125,0.013440608978271484,0.031112194061279297
18,0.00199127197265625,0.003764629364013672,0.006960153579711914,0.01260519027709961,0.03229022026062012
19,0.001580953598022461,0.004500389099121094,0.006640434265136719,0.01741170883178711,0.029161453247070312
20,0.0016469955444335938,0.00426936149597168,0.006971597671508789,0.012268304824829102,0.02863144874572754
21,0.0016765594482421875,0.004045724868774414,0.0075836181640625,0.012863636016845703,0.02951359748840332
22,0.0016696453094482422,0.003774404525756836,0.0066127777099609375,0.012364625930786133,0.029150009155273438
23,0.0015938282012939453,0.004458189010620117,0.007668256759643555,0.01238107681274414,0.02882981300354004
24,0.0016498565673828125,0.0039937496185302734,0.0069122314453125,0.011593103408813477,0.032857418060302734
