,1,5,10,20,50
0,0.010601520538330078,0.009803056716918945,0.011172056198120117,0.011972904205322266,0.01922297477722168
1,0.009374141693115234,0.01027059555053711,0.010182619094848633,0.012415885925292969,0.0173799991607666
2,0.008954763412475586,0.011364459991455078,0.01044917106628418,0.012735605239868164,0.017522811889648438
3,0.010172367095947266,0.010720968246459961,0.011226415634155273,0.012030601501464844,0.019285202026367188
4,0.009778976440429688,0.011070728302001953,0.01016092300415039,0.011840105056762695,0.024598121643066406
5,0.008808135986328125,0.010993480682373047,0.010467052459716797,0.01257014274597168,0.024466276168823242
6,0.00843191146850586,0.009505271911621094,0.010971784591674805,0.011948823928833008,0.023263216018676758
7,0.009430646896362305,0.009571313858032227,0.01019906997680664,0.013980865478515625,0.017811059951782227
8,0.009032249450683594,0.009314537048339844,0.009658098220825195,0.011391162872314453,0.018427371978759766
9,0.009399652481079102,0.010380983352661133,0.010927677154541016,0.012019872665405273,0.017511844635009766
10,0.008749246597290039,0.009069681167602539,0.011072635650634766,0.012341499328613281,0.017171621322631836
11,0.009381532669067383,0.009356021881103516,0.010678529739379883,0.012736797332763672,0.018056392669677734
12,0.008417606353759766,0.009436607360839844,0.010581493377685547,0.01334071159362793,0.018892288208007812
13,0.008977890014648438,0.010093927383422852,0.010479927062988281,0.012176275253295898,0.01719522476196289
14,0.008693218231201172,0.010754108428955078,0.010796070098876953,0.01178288459777832,0.018314123153686523
15,0.01055908203125,0.009898662567138672,0.010356903076171875,0.011873722076416016,0.017729997634887695
16,0.010950088500976562,0.009738922119140625,0.010347604751586914,0.012244224548339844,0.018485546112060547
17,0.008716821670532227,0.014191627502441406,0.009586334228515625,0.011885881423950195,0.017845630645751953
18,0.009778499603271484,0.009759902954101562,0.011720418930053711,0.012532949447631836,0.01878833770751953
19,0.009007692337036133,0.008936643600463867,0.010757684707641602,0.012336254119873047,0.017232894897460938
20,0.009107351303100586,0.010111093521118164,0.010375499725341797,0.012876033782958984,0.01775503158569336
21,0.008712053298950195,0.012044906616210938,0.010579347610473633,0.011727094650268555,0.018143653869628906
22,0.009006023406982422,0.009397029876708984,0.010561466217041016,0.011327266693115234,0.017778873443603516
23,0.008642435073852539,0.00971531867980957,0.010513544082641602,0.012272119522094727,0.017855167388916016
24,0.00860142707824707,0.008859872817993164,0.009713172912597656,0.011737823486328125,0.018773555755615234
