,1,5,10,20,50
0,1747,1816,1901,2071,2581
1,1747,1816,1901,2071,2581
2,1747,1816,1901,2071,2581
3,1747,1816,1901,2071,2581
4,1747,1816,1901,2071,2581
5,1747,1816,1901,2071,2581
6,1747,1816,1901,2071,2581
7,1747,1816,1901,2071,2581
8,1747,1816,1901,2071,2581
9,1747,1816,1901,2071,2581
10,1747,1816,1901,2071,2581
11,1747,1816,1901,2071,2581
12,1747,1816,1901,2071,2581
13,1747,1816,1901,2071,2581
14,1747,1816,1901,2071,2581
15,1747,1816,1901,2071,2581
16,1747,1816,1901,2071,2581
17,1747,1816,1901,2071,2581
18,1747,1816,1901,2071,2581
19,1747,1816,1901,2071,2581
20,1747,1816,1901,2071,2581
21,1747,1816,1901,2071,2581
22,1747,1816,1901,2071,2581
23,1747,1816,1901,2071,2581
24,1747,1816,1901,2071,2581
