,1,5,10,20,50
0,0.01145482063293457,0.016262054443359375,0.025345563888549805,0.04593467712402344,0.11766672134399414
1,0.008823156356811523,0.016651391983032227,0.025327205657958984,0.04519844055175781,0.1279749870300293
2,0.008657455444335938,0.016515254974365234,0.024847030639648438,0.046846628189086914,0.19208812713623047
3,0.008954286575317383,0.016276836395263672,0.025347471237182617,0.04449105262756348,0.12921786308288574
4,0.010069847106933594,0.016125917434692383,0.025521039962768555,0.04414033889770508,0.12731313705444336
5,0.00902104377746582,0.016160249710083008,0.025313138961791992,0.05497550964355469,0.17437386512756348
6,0.009756326675415039,0.016910076141357422,0.02614426612854004,0.059752464294433594,0.1745586395263672
7,0.01056528091430664,0.016527652740478516,0.0250856876373291,0.058785200119018555,0.11824870109558105
8,0.010012388229370117,0.017028331756591797,0.0253145694732666,0.052581071853637695,0.12748336791992188
9,0.008900165557861328,0.015934467315673828,0.025339365005493164,0.04803347587585449,0.12652230262756348
10,0.008358001708984375,0.016122817993164062,0.025579452514648438,0.043717384338378906,0.09999346733093262
11,0.009264469146728516,0.017096996307373047,0.0256650447845459,0.05279660224914551,0.11932802200317383
12,0.009549379348754883,0.022054195404052734,0.02489471435546875,0.05185985565185547,0.09908723831176758
13,0.008399248123168945,0.015787601470947266,0.025586843490600586,0.047167062759399414,0.11857795715332031
14,0.00948953628540039,0.01706409454345703,0.024964570999145508,0.05093979835510254,0.1374046802520752
15,0.009591817855834961,0.015892505645751953,0.02516317367553711,0.06876969337463379,0.1356513500213623
16,0.008741378784179688,0.015700578689575195,0.024613380432128906,0.10727381706237793,0.11676621437072754
17,0.00938105583190918,0.016707420349121094,0.025501012802124023,0.09515213966369629,0.12229371070861816
18,0.009630203247070312,0.01649188995361328,0.030814170837402344,0.10161781311035156,0.16605305671691895
19,0.008587360382080078,0.01652240753173828,0.029079675674438477,0.06264472007751465,0.15789341926574707
20,0.009039163589477539,0.016433238983154297,0.026700973510742188,0.06942009925842285,0.10087108612060547
21,0.009472846984863281,0.01644587516784668,0.026687145233154297,0.08290624618530273,0.1250157356262207
22,0.009226799011230469,0.01616668701171875,0.031646728515625,0.07919001579284668,0.11884617805480957
23,0.008771419525146484,0.01593017578125,0.03193163871765137,0.05455374717712402,0.09640121459960938
24,0.00849294662475586,0.01620173454284668,0.04501533508300781,0.05319857597351074,0.1051025390625
